Start:2018-10-31 11:14:16.132312
Round: 41
Heuristics:{20: [1, -3, -2, 2], 50: [1, -2, 2, 2], 100: [1, -4, -2, -4]}
Duration:0:18:15.966642Your agent won 74.0% of matches against Minimax Agent

