Start:2018-10-30 23:25:31.800766
Round: 2
Heuristics:{20: [1, -2, -2, 2], 40: [1, -2, 2, 4], 100: [1, -4, -1, -4]}
Duration:0:17:52.821252Your agent won 82.0% of matches against Minimax Agent

