Start:2018-10-31 14:37:27.150159
Round: 52
Heuristics:{20: [1, -3, -4, 2], 40: [1, -2, 0, 2], 100: [1, -4, -1, -4]}
Duration:0:18:21.632492Your agent won 78.0% of matches against Minimax Agent

