Start:2018-10-31 00:55:12.246979
Round: 7
Heuristics:{20: [1, -2, -2, 2], 40: [1, -2, 0, 4], 100: [1, -4, -2, -4]}
Duration:0:18:00.729976Your agent won 70.0% of matches against Minimax Agent

