Start:2018-10-31 15:50:02.207973
Round: 56
Heuristics:{20: [1, -3, -4, 2], 50: [1, -2, 2, 2], 100: [1, -4, -1, -4]}
Duration:0:17:47.022870Your agent won 80.0% of matches against Minimax Agent

