Start:2018-10-31 03:01:03.974685
Round: 14
Heuristics:{20: [1, -2, -2, 2], 50: [1, -2, 0, 4], 100: [1, -4, -1, -4]}
Duration:0:17:45.628630Your agent won 68.0% of matches against Minimax Agent

