Start:2018-10-31 17:04:42.043345
Round: 60
Heuristics:{20: [1, -3, -4, 2], 50: [1, -2, 0, 2], 100: [1, -4, -1, -4]}
Duration:0:19:46.354505Your agent won 76.0% of matches against Minimax Agent

