Start:2018-10-31 13:23:37.796325
Round: 48
Heuristics:{20: [1, -3, -4, 2], 40: [1, -2, 2, 2], 100: [1, -4, -1, -4]}
Duration:0:18:36.914764Your agent won 80.0% of matches against Minimax Agent

