Start:2018-10-31 07:11:45.168633
Round: 28
Heuristics:{20: [1, -2, -4, 2], 50: [1, -2, 0, 2], 100: [1, -4, -1, -4]}
Duration:0:17:57.254129Your agent won 62.0% of matches against Minimax Agent

