Start:2018-11-01 02:05:51.311756
Round: 89
Heuristics:{30: [1, -2, -4, 2], 50: [1, -2, 2, 2], 100: [1, -4, -2, -4]}
Duration:0:18:26.752302Your agent won 64.0% of matches against Minimax Agent

