Start:2018-11-01 20:30:12.844323
Round: 115
Heuristics: {30: [1, -3, -4, 2], 40: [1, -2, 2, 4], 100: [1, -4, -2, -4]}
Duration:0:18:34.063851
Your agent won 74.0% of matches against Minimax Agent

