Start:2018-10-31 21:25:24.013665
Round: 74
Heuristics:{30: [1, -2, -2, 2], 50: [1, -2, 2, 4], 100: [1, -4, -1, -4]}
Duration:0:19:46.036826Your agent won 78.0% of matches against Minimax Agent

