Start:2018-10-31 14:19:17.360619
Round: 51
Heuristics:{20: [1, -3, -4, 2], 40: [1, -2, 2, 4], 100: [1, -4, -2, -4]}
Duration:0:18:09.787532Your agent won 78.0% of matches against Minimax Agent

