Start:2018-10-31 22:03:54.198005
Round: 76
Heuristics:{30: [1, -2, -2, 2], 50: [1, -2, 0, 2], 100: [1, -4, -1, -4]}
Duration:0:18:39.180818Your agent won 76.0% of matches against Minimax Agent

