Start:2018-11-01 03:00:29.472118
Round: 92
Heuristics:{30: [1, -2, -4, 2], 50: [1, -2, 0, 2], 100: [1, -4, -1, -4]}
Duration:0:18:28.795654Your agent won 80.0% of matches against Minimax Agent

