Start:2018-11-01 01:29:13.196130
Round: 87
Heuristics:{30: [1, -2, -4, 2], 40: [1, -2, 0, 4], 100: [1, -4, -2, -4]}
Duration:0:18:20.971249Your agent won 74.0% of matches against Minimax Agent

