Start:2018-11-01 05:09:14.599049
Round: 99
Heuristics:{30: [1, -3, -2, 2], 40: [1, -2, 2, 4], 100: [1, -4, -2, -4]}
Duration:0:18:20.177258Your agent won 84.0% of matches against Minimax Agent

