Start:2018-11-01 09:48:08.952238
Round: 114
Heuristics:{30: [1, -3, -4, 2], 40: [1, -2, 2, 4], 100: [1, -4, -1, -4]}
Duration:0:18:55.631457Your agent won 56.0% of matches against Minimax Agent

