Start:2018-10-31 23:21:33.184104
Round: 80
Heuristics:{30: [1, -2, -4, 2], 40: [1, -2, 2, 2], 100: [1, -4, -1, -4]}
Duration:0:18:20.695693Your agent won 78.0% of matches against Minimax Agent

