Start:2018-10-31 20:48:53.660924
Round: 72
Heuristics:{30: [1, -2, -2, 2], 50: [1, -2, 2, 2], 100: [1, -4, -1, -4]}
Duration:0:18:39.033024Your agent won 74.0% of matches against Minimax Agent

