Start:2018-11-01 04:14:04.250684
Round: 96
Heuristics:{30: [1, -3, -2, 2], 40: [1, -2, 2, 2], 100: [1, -4, -1, -4]}
Duration:0:17:58.489205Your agent won 82.0% of matches against Minimax Agent

