Start:2018-10-31 23:39:53.882808
Round: 81
Heuristics:{30: [1, -2, -4, 2], 40: [1, -2, 2, 2], 100: [1, -4, -2, -4]}
Duration:0:17:59.255430Your agent won 74.0% of matches against Minimax Agent

