Start:2018-11-01 02:42:22.033240
Round: 91
Heuristics:{30: [1, -2, -4, 2], 50: [1, -2, 2, 4], 100: [1, -4, -2, -4]}
Duration:0:18:07.435867Your agent won 74.0% of matches against Minimax Agent

