Start:2018-10-31 02:25:01.284437
Round: 12
Heuristics:{20: [1, -2, -2, 2], 50: [1, -2, 0, 2], 100: [1, -4, -1, -4]}
Duration:0:17:42.816411Your agent won 78.0% of matches against Minimax Agent

