Start:2018-10-31 10:00:08.444623
Round: 37
Heuristics:{20: [1, -3, -2, 2], 40: [1, -2, 0, 2], 100: [1, -4, -2, -4]}
Duration:0:18:58.113741Your agent won 78.0% of matches against Minimax Agent

