Start:2018-10-31 23:02:48.281449
Round: 79
Heuristics:{30: [1, -2, -2, 2], 50: [1, -2, 0, 4], 100: [1, -4, -2, -4]}
Duration:0:18:44.897638Your agent won 80.0% of matches against Minimax Agent

