Start:2018-11-01 06:04:20.489561
Round: 102
Heuristics:{30: [1, -3, -2, 2], 40: [1, -2, 0, 4], 100: [1, -4, -1, -4]}
Duration:0:17:50.143052Your agent won 74.0% of matches against Minimax Agent

