Start:2018-10-31 01:49:10.516395
Round: 10
Heuristics:{20: [1, -2, -2, 2], 50: [1, -2, 2, 4], 100: [1, -4, -1, -4]}
Duration:0:17:55.406548Your agent won 82.0% of matches against Minimax Agent

