Start:2018-11-01 00:34:14.099217
Round: 84
Heuristics:{30: [1, -2, -4, 2], 40: [1, -2, 0, 2], 100: [1, -4, -1, -4]}
Duration:0:18:29.050564Your agent won 78.0% of matches against Minimax Agent

