Start:2018-11-01 21:06:55.333999
Round: 117
Heuristics: {30: [1, -3, -4, 2], 40: [1, -2, 0, 2], 100: [1, -4, -2, -4]}
Duration:0:18:42.098976
Your agent won 82.0% of matches against Minimax Agent

