Start:2018-10-31 23:57:53.141283
Round: 82
Heuristics:{30: [1, -2, -4, 2], 40: [1, -2, 2, 4], 100: [1, -4, -1, -4]}
Duration:0:18:28.347464Your agent won 72.0% of matches against Minimax Agent

