Start:2018-10-31 09:39:52.565951
Round: 36
Heuristics:{20: [1, -3, -2, 2], 40: [1, -2, 0, 2], 100: [1, -4, -1, -4]}
Duration:0:20:15.873724Your agent won 74.0% of matches against Minimax Agent

