Start:2018-11-01 02:24:18.066789
Round: 90
Heuristics:{30: [1, -2, -4, 2], 50: [1, -2, 2, 4], 100: [1, -4, -1, -4]}
Duration:0:18:03.963507Your agent won 80.0% of matches against Minimax Agent

