Start:2018-10-31 16:26:13.506069
Round: 58
Heuristics:{20: [1, -3, -4, 2], 50: [1, -2, 2, 4], 100: [1, -4, -1, -4]}
Duration:0:18:55.351672Your agent won 76.0% of matches against Minimax Agent

