Start:2018-10-31 22:22:33.382332
Round: 77
Heuristics:{30: [1, -2, -2, 2], 50: [1, -2, 0, 2], 100: [1, -4, -2, -4]}
Duration:0:20:18.088767Your agent won 74.0% of matches against Minimax Agent

