Start:2018-10-31 10:19:06.563311
Round: 38
Heuristics:{20: [1, -3, -2, 2], 40: [1, -2, 0, 4], 100: [1, -4, -1, -4]}
Duration:0:18:34.504962Your agent won 68.0% of matches against Minimax Agent

