Start:2018-10-31 21:07:32.696958
Round: 73
Heuristics:{30: [1, -2, -2, 2], 50: [1, -2, 2, 2], 100: [1, -4, -2, -4]}
Duration:0:17:51.309676Your agent won 88.0% of matches against Minimax Agent

