Start:2018-11-01 22:59:58.215279
Round: 123
Heuristics: {30: [1, -3, -4, 2], 50: [1, -2, 2, 4], 100: [1, -4, -2, -4]}
Duration:0:18:58.423835
Your agent won 80.0% of matches against Minimax Agent

