Start:2018-10-31 19:16:51.126291
Round: 67
Heuristics:{30: [1, -2, -2, 2], 40: [1, -2, 2, 4], 100: [1, -4, -2, -4]}
Duration:0:18:13.044352Your agent won 80.0% of matches against Minimax Agent

