Start:2018-10-31 18:40:10.076431
Round: 65
Heuristics:{30: [1, -2, -2, 2], 40: [1, -2, 2, 2], 100: [1, -4, -2, -4]}
Duration:0:18:27.862473Your agent won 82.0% of matches against Minimax Agent

