Start:2018-11-01 00:16:21.490758
Round: 83
Heuristics:{30: [1, -2, -4, 2], 40: [1, -2, 2, 4], 100: [1, -4, -2, -4]}
Duration:0:17:52.605445Your agent won 82.0% of matches against Minimax Agent

