Start:2018-10-30 23:07:28.763588
Round: 1
Heuristics:{20: [1, -2, -2, 2], 40: [1, -2, 2, 2], 100: [1, -4, -2, -4]}
Duration:0:18:03.036141Your agent won 70.0% of matches against Minimax Agent

