Start:2018-10-31 16:07:49.235860
Round: 57
Heuristics:{20: [1, -3, -4, 2], 50: [1, -2, 2, 2], 100: [1, -4, -2, -4]}
Duration:0:18:24.267200Your agent won 70.0% of matches against Minimax Agent

