Start:2018-10-30 22:49:23.089675
Round: 0
Heuristics:{20: [1, -2, -2, 2], 40: [1, -2, 2, 2], 100: [1, -4, -1, -4]}
Duration:0:18:05.672874Your agent won 68.0% of matches against Minimax Agent

