Start:2018-10-31 18:02:55.989469
Round: 63
Heuristics:{20: [1, -3, -4, 2], 50: [1, -2, 0, 4], 100: [1, -4, -2, -4]}
Duration:0:18:35.144051Your agent won 68.0% of matches against Minimax Agent

