Start:2018-10-31 09:01:40.161725
Round: 34
Heuristics:{20: [1, -3, -2, 2], 40: [1, -2, 2, 4], 100: [1, -4, -1, -4]}
Duration:0:19:04.486758Your agent won 82.0% of matches against Minimax Agent

