Start:2018-11-01 07:54:26.954824
Round: 108
Heuristics:{30: [1, -3, -2, 2], 50: [1, -2, 0, 2], 100: [1, -4, -1, -4]}
Duration:0:18:27.677165Your agent won 76.0% of matches against Minimax Agent

