Start:2018-11-01 03:55:40.743979
Round: 95
Heuristics:{30: [1, -2, -4, 2], 50: [1, -2, 0, 4], 100: [1, -4, -2, -4]}
Duration:0:18:23.500687Your agent won 80.0% of matches against Minimax Agent

