Start:2018-11-01 01:10:52.453764
Round: 86
Heuristics:{30: [1, -2, -4, 2], 40: [1, -2, 0, 4], 100: [1, -4, -1, -4]}
Duration:0:18:20.737351Your agent won 70.0% of matches against Minimax Agent

