Start:2018-10-31 06:53:46.395156
Round: 27
Heuristics:{20: [1, -2, -4, 2], 50: [1, -2, 2, 4], 100: [1, -4, -2, -4]}
Duration:0:17:58.771465Your agent won 64.0% of matches against Minimax Agent

