Start:2018-10-31 20:11:55.244473
Round: 70
Heuristics:{30: [1, -2, -2, 2], 40: [1, -2, 0, 4], 100: [1, -4, -1, -4]}
Duration:0:18:05.138058Your agent won 86.0% of matches against Minimax Agent

