Start:2018-10-31 19:53:32.684672
Round: 69
Heuristics:{30: [1, -2, -2, 2], 40: [1, -2, 0, 2], 100: [1, -4, -2, -4]}
Duration:0:18:22.554782Your agent won 84.0% of matches against Minimax Agent

