Start:2018-11-01 08:51:55.534048
Round: 111
Heuristics:{30: [1, -3, -2, 2], 50: [1, -2, 0, 4], 100: [1, -4, -2, -4]}
Duration:0:18:44.365439Your agent won 78.0% of matches against Minimax Agent

