Start:2018-10-31 16:45:08.863755
Round: 59
Heuristics:{20: [1, -3, -4, 2], 50: [1, -2, 2, 4], 100: [1, -4, -2, -4]}
Duration:0:19:33.176578Your agent won 78.0% of matches against Minimax Agent

