Start:2018-11-01 06:22:10.634617
Round: 103
Heuristics:{30: [1, -3, -2, 2], 40: [1, -2, 0, 4], 100: [1, -4, -2, -4]}
Duration:0:18:27.136258Your agent won 62.0% of matches against Minimax Agent

