Start:2018-10-31 04:13:11.499798
Round: 18
Heuristics:{20: [1, -2, -4, 2], 40: [1, -2, 2, 4], 100: [1, -4, -1, -4]}
Duration:0:17:44.576331Your agent won 80.0% of matches against Minimax Agent

