Start:2018-10-31 12:27:59.860290
Round: 45
Heuristics:{20: [1, -3, -2, 2], 50: [1, -2, 0, 2], 100: [1, -4, -2, -4]}
Duration:0:18:03.949347Your agent won 76.0% of matches against Minimax Agent

