Start:2018-10-31 15:14:04.052733
Round: 54
Heuristics:{20: [1, -3, -4, 2], 40: [1, -2, 0, 4], 100: [1, -4, -1, -4]}
Duration:0:18:01.218181Your agent won 68.0% of matches against Minimax Agent

