Start:2018-11-01 04:50:37.950989
Round: 98
Heuristics:{30: [1, -3, -2, 2], 40: [1, -2, 2, 4], 100: [1, -4, -1, -4]}
Duration:0:18:36.644049Your agent won 76.0% of matches against Minimax Agent

