Start:2018-11-01 23:55:27.267858
Round: 126
Heuristics: {30: [1, -3, -4, 2], 50: [1, -2, 0, 4], 100: [1, -4, -1, -4]}
Duration:0:17:55.933365
Your agent won 78.0% of matches against Minimax Agent

