Start:2018-11-01 00:52:43.152817
Round: 85
Heuristics:{30: [1, -2, -4, 2], 40: [1, -2, 0, 2], 100: [1, -4, -2, -4]}
Duration:0:18:09.294924Your agent won 62.0% of matches against Minimax Agent

