Start:2018-10-30 23:43:24.624025
Round: 3
Heuristics:{20: [1, -2, -2, 2], 40: [1, -2, 2, 4], 100: [1, -4, -2, -4]}
Duration:0:18:03.860521Your agent won 76.0% of matches against Minimax Agent

