Start:2018-11-01 07:17:57.476936
Round: 106
Heuristics:{30: [1, -3, -2, 2], 50: [1, -2, 2, 4], 100: [1, -4, -1, -4]}
Duration:0:18:04.793304Your agent won 74.0% of matches against Minimax Agent

