Start:2018-10-31 07:29:42.426773
Round: 29
Heuristics:{20: [1, -2, -4, 2], 50: [1, -2, 0, 2], 100: [1, -4, -2, -4]}
Duration:0:17:58.082257Your agent won 84.0% of matches against Minimax Agent

