Start:2018-10-31 17:24:28.400789
Round: 61
Heuristics:{20: [1, -3, -4, 2], 50: [1, -2, 0, 2], 100: [1, -4, -2, -4]}
Duration:0:19:24.598601Your agent won 78.0% of matches against Minimax Agent

