Start:2018-11-01 05:27:34.779310
Round: 100
Heuristics:{30: [1, -3, -2, 2], 40: [1, -2, 0, 2], 100: [1, -4, -1, -4]}
Duration:0:18:15.812634Your agent won 82.0% of matches against Minimax Agent

