Start:2018-10-31 13:42:14.714103
Round: 49
Heuristics:{20: [1, -3, -4, 2], 40: [1, -2, 2, 2], 100: [1, -4, -2, -4]}
Duration:0:18:45.797911Your agent won 66.0% of matches against Minimax Agent

