Start:2018-10-31 19:35:04.173655
Round: 68
Heuristics:{30: [1, -2, -2, 2], 40: [1, -2, 0, 2], 100: [1, -4, -1, -4]}
Duration:0:18:28.509008Your agent won 80.0% of matches against Minimax Agent

