Start:2018-10-31 14:01:00.514684
Round: 50
Heuristics:{20: [1, -3, -4, 2], 40: [1, -2, 2, 4], 100: [1, -4, -1, -4]}
Duration:0:18:16.842924Your agent won 64.0% of matches against Minimax Agent

