Start:2018-11-01 07:36:02.276250
Round: 107
Heuristics:{30: [1, -3, -2, 2], 50: [1, -2, 2, 4], 100: [1, -4, -2, -4]}
Duration:0:18:24.675532Your agent won 80.0% of matches against Minimax Agent

