Start:2018-10-31 01:13:12.979967
Round: 8
Heuristics:{20: [1, -2, -2, 2], 50: [1, -2, 2, 2], 100: [1, -4, -1, -4]}
Duration:0:18:19.480844Your agent won 82.0% of matches against Minimax Agent

