Start:2018-11-01 21:25:37.434983
Round: 118
Heuristics: {30: [1, -3, -4, 2], 40: [1, -2, 0, 4], 100: [1, -4, -1, -4]}
Duration:0:18:34.165356
Your agent won 76.0% of matches against Minimax Agent

