Start:2018-10-31 02:07:05.925956
Round: 11
Heuristics:{20: [1, -2, -2, 2], 50: [1, -2, 2, 4], 100: [1, -4, -2, -4]}
Duration:0:17:55.355714Your agent won 84.0% of matches against Minimax Agent

