Start:2018-10-31 08:23:48.635106
Round: 32
Heuristics:{20: [1, -3, -2, 2], 40: [1, -2, 2, 2], 100: [1, -4, -1, -4]}
Duration:0:19:09.441899Your agent won 82.0% of matches against Minimax Agent

