Start:2018-11-01 21:44:11.602346
Round: 119
Heuristics: {30: [1, -3, -4, 2], 40: [1, -2, 0, 4], 100: [1, -4, -2, -4]}
Duration:0:18:53.656474
Your agent won 76.0% of matches against Minimax Agent

