Start:2018-10-31 05:24:38.488307
Round: 22
Heuristics:{20: [1, -2, -4, 2], 40: [1, -2, 0, 4], 100: [1, -4, -1, -4]}
Duration:0:17:46.379271Your agent won 78.0% of matches against Minimax Agent

