Start:2018-10-31 05:07:15.551498
Round: 21
Heuristics:{20: [1, -2, -4, 2], 40: [1, -2, 0, 2], 100: [1, -4, -2, -4]}
Duration:0:17:22.934801Your agent won 72.0% of matches against Minimax Agent

