Start:2018-10-31 11:32:32.101968
Round: 42
Heuristics:{20: [1, -3, -2, 2], 50: [1, -2, 2, 4], 100: [1, -4, -1, -4]}
Duration:0:18:35.198851Your agent won 74.0% of matches against Minimax Agent

