Start:2018-10-31 11:51:07.303833
Round: 43
Heuristics:{20: [1, -3, -2, 2], 50: [1, -2, 2, 4], 100: [1, -4, -2, -4]}
Duration:0:18:41.429963Your agent won 68.0% of matches against Minimax Agent

