Start:2018-10-31 17:43:53.002398
Round: 62
Heuristics:{20: [1, -3, -4, 2], 50: [1, -2, 0, 4], 100: [1, -4, -1, -4]}
Duration:0:19:02.984057Your agent won 80.0% of matches against Minimax Agent

