Start:2018-10-31 04:30:56.079141
Round: 19
Heuristics:{20: [1, -2, -4, 2], 40: [1, -2, 2, 4], 100: [1, -4, -2, -4]}
Duration:0:18:00.710982Your agent won 74.0% of matches against Minimax Agent

