Start:2018-11-01 20:48:46.910182
Round: 116
Heuristics: {30: [1, -3, -4, 2], 40: [1, -2, 0, 2], 100: [1, -4, -1, -4]}
Duration:0:18:08.421811
Your agent won 78.0% of matches against Minimax Agent

