Start:2018-11-02 00:13:23.204257
Round: 127
Heuristics: {30: [1, -3, -4, 2], 50: [1, -2, 0, 4], 100: [1, -4, -2, -4]}
Duration:0:18:01.877531
Your agent won 72.0% of matches against Minimax Agent

