Start:2018-10-31 12:46:03.815658
Round: 46
Heuristics:{20: [1, -3, -2, 2], 50: [1, -2, 0, 4], 100: [1, -4, -1, -4]}
Duration:0:19:00.219021Your agent won 68.0% of matches against Minimax Agent

