Start:2018-11-01 22:40:49.282873
Round: 122
Heuristics: {30: [1, -3, -4, 2], 50: [1, -2, 2, 4], 100: [1, -4, -1, -4]}
Duration:0:19:08.928406
Your agent won 74.0% of matches against Minimax Agent

