Start:2018-11-01 22:22:01.527526
Round: 121
Heuristics: {30: [1, -3, -4, 2], 50: [1, -2, 2, 2], 100: [1, -4, -2, -4]}
Duration:0:18:47.751333
Your agent won 80.0% of matches against Minimax Agent

