Start:2018-11-01 09:10:39.903498
Round: 112
Heuristics:{30: [1, -3, -4, 2], 40: [1, -2, 2, 2], 100: [1, -4, -1, -4]}
Duration:0:18:45.241332Your agent won 84.0% of matches against Minimax Agent

