Start:2018-11-01 23:37:31.023073
Round: 125
Heuristics: {30: [1, -3, -4, 2], 50: [1, -2, 0, 2], 100: [1, -4, -2, -4]}
Duration:0:17:56.239775
Your agent won 64.0% of matches against Minimax Agent

