Start:2018-11-01 03:18:58.270783
Round: 93
Heuristics:{30: [1, -2, -4, 2], 50: [1, -2, 0, 2], 100: [1, -4, -2, -4]}
Duration:0:18:17.504353Your agent won 68.0% of matches against Minimax Agent

