Start:2018-11-01 22:03:05.262802
Round: 120
Heuristics: {30: [1, -3, -4, 2], 50: [1, -2, 2, 2], 100: [1, -4, -1, -4]}
Duration:0:18:56.261713
Your agent won 64.0% of matches against Minimax Agent

