Start:2018-10-31 18:58:37.941921
Round: 66
Heuristics:{30: [1, -2, -2, 2], 40: [1, -2, 2, 4], 100: [1, -4, -1, -4]}
Duration:0:18:13.181359Your agent won 80.0% of matches against Minimax Agent

