Start:2018-10-31 03:18:49.606122
Round: 15
Heuristics:{20: [1, -2, -2, 2], 50: [1, -2, 0, 4], 100: [1, -4, -2, -4]}
Duration:0:18:26.787887Your agent won 74.0% of matches against Minimax Agent

