Start:2018-11-01 09:29:25.148838
Round: 113
Heuristics:{30: [1, -3, -4, 2], 40: [1, -2, 2, 2], 100: [1, -4, -2, -4]}
Duration:0:18:43.800389Your agent won 76.0% of matches against Minimax Agent

