Start:2018-11-01 01:47:34.170389
Round: 88
Heuristics:{30: [1, -2, -4, 2], 50: [1, -2, 2, 2], 100: [1, -4, -1, -4]}
Duration:0:18:17.137356Your agent won 78.0% of matches against Minimax Agent

