Start:2018-10-31 22:42:51.480127
Round: 78
Heuristics:{30: [1, -2, -2, 2], 50: [1, -2, 0, 4], 100: [1, -4, -1, -4]}
Duration:0:19:56.798309Your agent won 82.0% of matches against Minimax Agent

