Start:2018-10-31 14:55:48.784659
Round: 53
Heuristics:{20: [1, -3, -4, 2], 40: [1, -2, 0, 2], 100: [1, -4, -2, -4]}
Duration:0:18:15.265062Your agent won 82.0% of matches against Minimax Agent

