Start:2018-11-01 08:12:54.636034
Round: 109
Heuristics:{30: [1, -3, -2, 2], 50: [1, -2, 0, 2], 100: [1, -4, -2, -4]}
Duration:0:18:22.541867Your agent won 80.0% of matches against Minimax Agent

