Start:2018-11-01 03:37:15.778149
Round: 94
Heuristics:{30: [1, -2, -4, 2], 50: [1, -2, 0, 4], 100: [1, -4, -1, -4]}
Duration:0:18:24.962819Your agent won 80.0% of matches against Minimax Agent

