Start:2018-10-31 20:30:00.385543
Round: 71
Heuristics:{30: [1, -2, -2, 2], 40: [1, -2, 0, 4], 100: [1, -4, -2, -4]}
Duration:0:18:53.273371Your agent won 74.0% of matches against Minimax Agent

