Start:2018-10-31 02:42:44.105861
Round: 13
Heuristics:{20: [1, -2, -2, 2], 50: [1, -2, 0, 2], 100: [1, -4, -2, -4]}
Duration:0:18:19.865812Your agent won 76.0% of matches against Minimax Agent

