Start:2018-10-31 05:42:24.870588
Round: 23
Heuristics:{20: [1, -2, -4, 2], 40: [1, -2, 0, 4], 100: [1, -4, -2, -4]}
Duration:0:17:54.625053Your agent won 84.0% of matches against Minimax Agent

